32
OQ242027.1 0.0000000 0.0008427 0.0008427 0.0004382 0.0014506 0.0014506 0.0030241 0.0030241 0.0008204 0.0030650 0.0033991 0.0032282 0.0030581 0.0033310 0.0032706 0.0035354 0.0033320 0.0034673 0.0031940 0.0030248 0.0029858 0.0031261 0.0031600 0.0031600 0.0033651 0.0031392 0.0017228 0.0029472 0.0044910 0.0023293 0.0025353 0.0012353 
OQ242023.1 0.0008427 0.0000000 0.0000010 0.0009436 0.0018216 0.0018216 0.0033651 0.0033651 0.0011416 0.0034490 0.0037399 0.0035695 0.0033991 0.0036717 0.0036130 0.0038762 0.0036728 0.0038081 0.0035354 0.0033659 0.0033341 0.0034673 0.0034332 0.0035013 0.0037058 0.0034822 0.0020272 0.0032986 0.0044910 0.0026674 0.0028738 0.0012353 
OQ242024.1 0.0008427 0.0000010 0.0000000 0.0009436 0.0018217 0.0018217 0.0033651 0.0033651 0.0011416 0.0034490 0.0037399 0.0035695 0.0033991 0.0036717 0.0036130 0.0038762 0.0036728 0.0038081 0.0035354 0.0033659 0.0033341 0.0034673 0.0034332 0.0035013 0.0037058 0.0034822 0.0020272 0.0032987 0.0044910 0.0026674 0.0028738 0.0012353 
OQ242041.1 0.0004382 0.0009436 0.0009436 0.0000000 0.0016190 0.0016190 0.0031261 0.0031261 0.0008918 0.0032046 0.0035013 0.0033301 0.0031600 0.0034332 0.0033739 0.0036376 0.0034343 0.0035695 0.0032969 0.0031268 0.0030900 0.0032280 0.0032619 0.0032619 0.0034673 0.0032427 0.0018243 0.0030516 0.0044910 0.0024308 0.0026368 0.0012353 
OQ242028.1 0.0014506 0.0018216 0.0018217 0.0016190 0.0000000 0.0000010 0.0036713 0.0036713 0.0018209 0.0036581 0.0040462 0.0038758 0.0037054 0.0039781 0.0039202 0.0041144 0.0039111 0.0041144 0.0038417 0.0036722 0.0035078 0.0037736 0.0038077 0.0038077 0.0040121 0.0036529 0.0022302 0.0035444 0.0059939 0.0029714 0.0031786 0.0037127 
OQ242042.1 0.0014506 0.0018216 0.0018217 0.0016190 0.0000010 0.0000000 0.0036713 0.0036713 0.0018566 0.0036581 0.0040462 0.0038758 0.0037054 0.0039781 0.0039202 0.0041144 0.0039111 0.0041144 0.0038417 0.0036722 0.0035078 0.0037736 0.0038077 0.0038077 0.0040121 0.0036529 0.0022302 0.0035443 0.0059939 0.0029714 0.0031786 0.0037127 
ON303665.1 0.0030241 0.0033651 0.0033651 0.0031261 0.0036713 0.0036713 0.0000000 0.0002032 0.0032015 0.0005901 0.0007792 0.0005420 0.0002371 0.0005081 0.0004415 0.0008471 0.0007117 0.0008469 0.0005759 0.0002033 0.0004153 0.0005081 0.0012196 0.0003387 0.0007453 0.0003742 0.0025477 0.0016212 0.0000010 0.0011518 0.0013918 0.0012353 
ON303667.1 0.0030241 0.0033651 0.0033651 0.0031261 0.0036713 0.0036713 0.0002032 0.0000000 0.0032015 0.0005901 0.0007792 0.0005421 0.0002371 0.0005081 0.0004415 0.0008471 0.0007117 0.0008469 0.0005759 0.0002033 0.0004153 0.0005081 0.0012195 0.0003387 0.0007453 0.0003742 0.0025477 0.0015860 0.0000010 0.0011518 0.0013918 0.0012353 
OQ242060.1 0.0008204 0.0011416 0.0011416 0.0008918 0.0018209 0.0018566 0.0032015 0.0032015 0.0000000 0.0032865 0.0035985 0.0034176 0.0032015 0.0035264 0.0034630 0.0037428 0.0035275 0.0036707 0.0033814 0.0032023 0.0031650 0.0033095 0.0033095 0.0033095 0.0035624 0.0033242 0.0019306 0.0031996 0.0066299 0.0026073 0.0027898 0.0012353 
ON303668.1 0.0030650 0.0034490 0.0034490 0.0032046 0.0036581 0.0036581 0.0005901 0.0005901 0.0032865 0.0000000 0.0008677 0.0005901 0.0006248 0.0008330 0.0008005 0.0009373 0.0008334 0.0009718 0.0007636 0.0005554 0.0007767 0.0005554 0.0013897 0.0007289 0.0008678 0.0006972 0.0025761 0.0017210 0.0000010 0.0012506 0.0014962 0.0012353 
ON303669.1 0.0033991 0.0037399 0.0037399 0.0035013 0.0040462 0.0040462 0.0007792 0.0007792 0.0035985 0.0008677 0.0000000 0.0009148 0.0008131 0.0010163 0.0010190 0.0012197 0.0010845 0.0012196 0.0009486 0.0007793 0.0010038 0.0008808 0.0015935 0.0009147 0.0011180 0.0008845 0.0029218 0.0019741 0.0000010 0.0015256 0.0017657 0.0024732 
ON303670.1 0.0032282 0.0035695 0.0035695 0.0033301 0.0038758 0.0038758 0.0005420 0.0005421 0.0034176 0.0005901 0.0009148 0.0000000 0.0005759 0.0008470 0.0005095 0.0006437 0.0005084 0.0007115 0.0007115 0.0005422 0.0007615 0.0005082 0.0013551 0.0006776 0.0008131 0.0006464 0.0026838 0.0018330 0.0000010 0.0013551 0.0015957 0.0024732 
ON303672.1 0.0030581 0.0033991 0.0033991 0.0031600 0.0037054 0.0037054 0.0002371 0.0002371 0.0032015 0.0006248 0.0008131 0.0005759 0.0000000 0.0005420 0.0004755 0.0008810 0.0007456 0.0008808 0.0006098 0.0002371 0.0004499 0.0005420 0.0012534 0.0003048 0.0007792 0.0004082 0.0025477 0.0016212 0.0000010 0.0011857 0.0014258 0.0012353 
ON303675.1 0.0033310 0.0036717 0.0036717 0.0034332 0.0039781 0.0039781 0.0005081 0.0005081 0.0035264 0.0008330 0.0010163 0.0008470 0.0005420 0.0000000 0.0007473 0.0011520 0.0010167 0.0011180 0.0008808 0.0005082 0.0007269 0.0008131 0.0015256 0.0006436 0.0010502 0.0006804 0.0028538 0.0018682 0.0000010 0.0014577 0.0016977 0.0012353 
ON303674.1 0.0032706 0.0036130 0.0036130 0.0033739 0.0039202 0.0039202 0.0004415 0.0004415 0.0034630 0.0008005 0.0010190 0.0005095 0.0004755 0.0007473 0.0000000 0.0008153 0.0006793 0.0008152 0.0008152 0.0004416 0.0006247 0.0007472 0.0014615 0.0005774 0.0009850 0.0006139 0.0027931 0.0018379 0.0000010 0.0013925 0.0016340 0.0024732 
ON303676.1 0.0035354 0.0038762 0.0038762 0.0036376 0.0041144 0.0041144 0.0008471 0.0008471 0.0037428 0.0009373 0.0012197 0.0006437 0.0008810 0.0011520 0.0008153 0.0000000 0.0003389 0.0010165 0.0010165 0.0008473 0.0010731 0.0008810 0.0016617 0.0009826 0.0011182 0.0009527 0.0029901 0.0020449 0.0000010 0.0016614 0.0019018 0.0037127 
ON303681.1 0.0033320 0.0036728 0.0036728 0.0034343 0.0039111 0.0039111 0.0007117 0.0007117 0.0035275 0.0008334 0.0010845 0.0005084 0.0007456 0.0010167 0.0006793 0.0003389 0.0000000 0.0008811 0.0008812 0.0007118 0.0009349 0.0007456 0.0015261 0.0008472 0.0009828 0.0008168 0.0027868 0.0018690 0.0000010 0.0014583 0.0016983 0.0024732 
ON303677.1 0.0034673 0.0038081 0.0038081 0.0035695 0.0041144 0.0041144 0.0008469 0.0008469 0.0036707 0.0009718 0.0012196 0.0007115 0.0008808 0.0011180 0.0008152 0.0010165 0.0008811 0.0000000 0.0008808 0.0008471 0.0010730 0.0009486 0.0016613 0.0009824 0.0011857 0.0009525 0.0029898 0.0020094 0.0000010 0.0015935 0.0018337 0.0012353 
ON303682.1 0.0031940 0.0035354 0.0035354 0.0032969 0.0038417 0.0038417 0.0005759 0.0005759 0.0033814 0.0007636 0.0009486 0.0007115 0.0006098 0.0008808 0.0008152 0.0010165 0.0008812 0.0008808 0.0000000 0.0005760 0.0007961 0.0006775 0.0013899 0.0007114 0.0009147 0.0006804 0.0027177 0.0017977 0.0000010 0.0013211 0.0015617 0.0012353 
ON303685.1 0.0030248 0.0033659 0.0033659 0.0031268 0.0036722 0.0036722 0.0002033 0.0002033 0.0032023 0.0005554 0.0007793 0.0005422 0.0002371 0.0005082 0.0004416 0.0008473 0.0007118 0.0008471 0.0005760 0.0000000 0.0003808 0.0005082 0.0012199 0.0003388 0.0007455 0.0003743 0.0025483 0.0016212 0.0000010 0.0011521 0.0013922 0.0012353 
ON303686.1 0.0029858 0.0033341 0.0033341 0.0030900 0.0035078 0.0035078 0.0004153 0.0004153 0.0031650 0.0007767 0.0010038 0.0007615 0.0004499 0.0007269 0.0006247 0.0010731 0.0009349 0.0010730 0.0007961 0.0003808 0.0000000 0.0007269 0.0013855 0.0005538 0.0009692 0.0005538 0.0024642 0.0017300 0.0000010 0.0012806 0.0015264 0.0012353 
ON303687.1 0.0031261 0.0034673 0.0034673 0.0032280 0.0037736 0.0037736 0.0005081 0.0005081 0.0033095 0.0005554 0.0008808 0.0005082 0.0005420 0.0008131 0.0007472 0.0008810 0.0007456 0.0009486 0.0006775 0.0005082 0.0007269 0.0000000 0.0013211 0.0006436 0.0007792 0.0006123 0.0025817 0.0017271 0.0000010 0.0012534 0.0014938 0.0012353 
ON303689.1 0.0031600 0.0034332 0.0034332 0.0032619 0.0038077 0.0038077 0.0012196 0.0012195 0.0033095 0.0013897 0.0015935 0.0013551 0.0012534 0.0015256 0.0014615 0.0016617 0.0015261 0.0016613 0.0013899 0.0012199 0.0013855 0.0013211 0.0000000 0.0013550 0.0015595 0.0013277 0.0026837 0.0016918 0.0014940 0.0012195 0.0014598 0.0024732 
ON303699.1 0.0031600 0.0035013 0.0035013 0.0032619 0.0038077 0.0038077 0.0003387 0.0003387 0.0033095 0.0007289 0.0009147 0.0006776 0.0003048 0.0006436 0.0005774 0.0009826 0.0008472 0.0009824 0.0007114 0.0003388 0.0005538 0.0006436 0.0013550 0.0000000 0.0008808 0.0005103 0.0026497 0.0017624 0.0000010 0.0012873 0.0015278 0.0012353 
ON303700.1 0.0033651 0.0037058 0.0037058 0.0034673 0.0040121 0.0040121 0.0007453 0.0007453 0.0035624 0.0008678 0.0011180 0.0008131 0.0007792 0.0010502 0.0009850 0.0011182 0.0009828 0.0011857 0.0009147 0.0007455 0.0009692 0.0007792 0.0015595 0.0008808 0.0000000 0.0008505 0.0028198 0.0019741 0.0000010 0.0014916 0.0017317 0.0012353 
ON303701.1 0.0031392 0.0034822 0.0034822 0.0032427 0.0036529 0.0036529 0.0003742 0.0003742 0.0033242 0.0006972 0.0008845 0.0006464 0.0004082 0.0006804 0.0006139 0.0009527 0.0008168 0.0009525 0.0006804 0.0003743 0.0005538 0.0006123 0.0013277 0.0005103 0.0008505 0.0000000 0.0026269 0.0016993 0.0014940 0.0012586 0.0015002 0.0024732 
OL672836.1 0.0017228 0.0020272 0.0020272 0.0018243 0.0022302 0.0022302 0.0025477 0.0025477 0.0019306 0.0025761 0.0029218 0.0026838 0.0025477 0.0028538 0.0027931 0.0029901 0.0027868 0.0029898 0.0027177 0.0025483 0.0024642 0.0025817 0.0026837 0.0026497 0.0028198 0.0026269 0.0000000 0.0023151 0.0000010 0.0017206 0.0019256 0.0012353 
OU280445.1 0.0029472 0.0032986 0.0032987 0.0030516 0.0035444 0.0035443 0.0016212 0.0015860 0.0031996 0.0017210 0.0019741 0.0018330 0.0016212 0.0018682 0.0018379 0.0020449 0.0018690 0.0020094 0.0017977 0.0016212 0.0017300 0.0017271 0.0016918 0.0017624 0.0019741 0.0016993 0.0023151 0.0000000 0.0000010 0.0005933 0.0008388 0.0012353 
MT072667.1 0.0044910 0.0044910 0.0044910 0.0044910 0.0059939 0.0059939 0.0000010 0.0000010 0.0066299 0.0000010 0.0000010 0.0000010 0.0000010 0.0000010 0.0000010 0.0000010 0.0000010 0.0000010 0.0000010 0.0000010 0.0000010 0.0000010 0.0014940 0.0000010 0.0000010 0.0014940 0.0000010 0.0000010 0.0000000 0.0000010 0.0000010 0.0000010 
MT747438.1 0.0023293 0.0026674 0.0026674 0.0024308 0.0029714 0.0029714 0.0011518 0.0011518 0.0026073 0.0012506 0.0015256 0.0013551 0.0011857 0.0014577 0.0013925 0.0016614 0.0014583 0.0015935 0.0013211 0.0011521 0.0012806 0.0012534 0.0012195 0.0012873 0.0014916 0.0012586 0.0017206 0.0005933 0.0000010 0.0000000 0.0003027 0.0012353 
MW368439.1 0.0025353 0.0028738 0.0028738 0.0026368 0.0031786 0.0031786 0.0013918 0.0013918 0.0027898 0.0014962 0.0017657 0.0015957 0.0014258 0.0016977 0.0016340 0.0019018 0.0016983 0.0018337 0.0015617 0.0013922 0.0015264 0.0014938 0.0014598 0.0015278 0.0017317 0.0015002 0.0019256 0.0008388 0.0000010 0.0003027 0.0000000 0.0000010 
MT072668.1 0.0012353 0.0012353 0.0012353 0.0012353 0.0037127 0.0037127 0.0012353 0.0012353 0.0012353 0.0012353 0.0024732 0.0024732 0.0012353 0.0012353 0.0024732 0.0037127 0.0024732 0.0012353 0.0012353 0.0012353 0.0012353 0.0012353 0.0024732 0.0012353 0.0012353 0.0024732 0.0012353 0.0012353 0.0000010 0.0012353 0.0000010 0.0000000 
